2
5
Head4
pilot_face
pilot_Leftsideface
pilot_Rightside-face
HeadTop_1
\\Mother\LEGO\Meshes\UV_Triman\Pilot\A000_Triman.bmp
\\Mother\LEGO\Meshes\UV_Triman\Pilot\A000_Triman.bmp
\\Mother\LEGO\Meshes\UV_Triman\Pilot\A000_Triman.bmp
\\Mother\LEGO\Meshes\UV_Triman\Pilot\A000_Triman.bmp
\\Mother\LEGO\Meshes\UV_Triman\Pilot\A000_Triman.bmp
7
0 3
0.812144 0.874753 0
0.780865 0.814403 0
0.750350 0.873854 0
1 3
0.812144 0.874753 0
0.750350 0.873854 0
0.780865 0.814403 0
2 3
0.812144 0.874753 0
0.750350 0.873854 0
0.780865 0.814403 0
3 3
0.001271 0.792702 0
0.031250 0.732638 0
0.061325 0.793201 0
4 3
0.374908 0.792624 0
0.313385 0.792624 0
0.343750 0.732639 0
5 3
0.374623 0.792144 0
0.342708 0.733145 0
0.314298 0.792626 0
6 3
0.776472 0.734666 0
0.732429 0.804173 0
0.820008 0.803323 0
4
0.000000 90.000000 0.000000
0.000000 0.000000 0.000000
0.000000 0.642879 0.225381
1.169440 1.131380 1.393080
4
0.000000 0.000000 0.000000
0.000000 0.000000 0.000000
0.001318 0.642879 0.433476
1.350460 1.142690 1.246570
4
0.000000 -90.000000 0.000000
0.000000 0.000000 0.000000
-0.372425 0.642879 0.225381
1.071350 1.142690 1.181130
4
0.000000 -90.000000 0.000000
0.000000 0.000000 0.000000
0.372425 0.642879 0.225381
1.071350 1.142690 1.181130
4
0.000000 0.000000 0.000000
0.000000 0.000000 0.000000
0.000000 0.000000 0.000000
1.000000 1.000000 1.000000
