2
2
Foot Top L Y
Foot Side L  X
Z:\Lego\data\creatures\lavamonster\LavaTextures.bmp
Z:\Lego\data\creatures\lavamonster\LavaTextures.bmp
14
0 3
0.627976 0.242540 0
0.747008 0.244061 0
0.735010 0.091375 0
1 3
0.627976 0.242540 0
0.735010 0.091375 0
0.629134 0.096446 0
2 3
0.629134 0.096446 0
0.735010 0.091375 0
0.678421 0.005590 0
3 3
0.748332 0.192600 0
0.627976 0.242540 0
0.625505 0.193107 0
4 3
0.627976 0.242540 0
0.748332 0.192600 0
0.747008 0.244061 0
5 3
0.327768 0.813457 0
0.459603 0.875072 0
0.251243 0.874585 0
6 3
0.647928 0.047332 0
0.748332 0.192600 0
0.625505 0.193107 0
7 3
0.647928 0.047332 0
0.704478 0.047332 0
0.748332 0.192600 0
8 3
0.467167 0.813924 0
0.459603 0.875072 0
0.327768 0.813457 0
9 3
0.459603 0.875072 0
0.327768 0.813457 0
0.251243 0.874585 0
10 3
0.459603 0.875072 0
0.467167 0.813924 0
0.327768 0.813457 0
11 3
0.498173 0.871431 0
0.467167 0.813924 0
0.459603 0.875072 0
12 3
0.467167 0.813924 0
0.498173 0.871431 0
0.459603 0.875072 0
13 3
0.648733 0.187046 0
0.683580 0.109946 0
0.720976 0.150239 0
4
-90.000000 0.000000 0.000000
0.000000 0.000000 0.000000
0.000000 -2.373750 9.358173
25.552999 13.276500 48.615688
4
0.000000 -90.000000 0.000000
0.000000 0.000000 0.000000
0.000000 -2.373750 9.358173
8.150751 15.301501 48.615688
