2
2
Foot Top R Y
Foot Side R X
Z:\Lego\data\creatures\lavamonster\LavaTextures.bmp
Z:\Lego\data\creatures\lavamonster\LavaTextures.bmp
14
0 3
0.630064 0.245000 0
0.735670 0.245000 0
0.731882 0.080880 0
1 3
0.630064 0.245000 0
0.731882 0.080880 0
0.631278 0.080880 0
2 3
0.631278 0.080880 0
0.731882 0.080880 0
0.680775 0.011277 0
3 3
0.625991 0.192631 0
0.747797 0.189081 0
0.735670 0.245000 0
4 3
0.735670 0.245000 0
0.630064 0.245000 0
0.625991 0.192631 0
5 3
0.307168 0.815003 0
0.257011 0.871554 0
0.471119 0.871183 0
6 3
0.712394 0.049945 0
0.747797 0.189081 0
0.625991 0.192631 0
7 3
0.712394 0.049945 0
0.625991 0.192631 0
0.653756 0.049945 0
8 3
0.439216 0.829983 0
0.307168 0.815003 0
0.471119 0.871183 0
9 3
0.471119 0.871183 0
0.257011 0.871554 0
0.307168 0.815003 0
10 3
0.471119 0.871183 0
0.307168 0.815003 0
0.439216 0.829983 0
11 3
0.497253 0.871183 0
0.471119 0.871183 0
0.439216 0.829983 0
12 3
0.439216 0.829983 0
0.471119 0.871183 0
0.497253 0.871183 0
13 3
0.623709 0.222418 0
0.649126 0.146504 0
0.679150 0.167002 0
4
-90.000000 0.000000 0.000000
0.000000 0.000000 0.000000
0.000000 -2.373750 9.358173
25.552999 13.276500 48.615688
4
0.000000 -90.000000 0.000000
0.000000 0.000000 0.000000
0.000000 -2.373750 9.358173
8.150751 15.301501 48.615688
